[32] = 0.8765432190 (-1) 0.1234567810 (0.5) 0.2469135620 (0.5) 0.4938271240 (0.5) 0.9876542480 (-1) 0.0123457520 (0.5) 0.0246915040 (0.5) 0.0493830080 (0.5) 0.0987660160 (0.4) 0.2469150400 (0.5) 0.4938300800 (0.5) 0.9876601600 (-1) 0.0123398400 (0.4) 0.0308496000 (0.4) 0.0771240000 (0.5) 0.1542480000 (0.4) 0.3856200000 (0.5) 0.7712400000 (-1) 0.2287600000 (0.5) 0.4575200000 (0.5) 0.9150400000 (-1) 0.0849600000 (0.4) 0.2124000000 (0.5) 0.4248000000 (0.5) 0.8496000000 (-1) 0.1504000000 (0.4) 0.3759999999 (0.4) 0.9399999998 (-1) 0.0600000002 (0.5) 0.1200000003 (0.4) 0.3000000008 (0.5) 0.6000000015 (-1) 0.3999999985

[32] = 0.8765432190 (-1) 0.1234567810 (0.5) 0.2469135620 (0.5) 0.4938271240 (0.5) 0.9876542480 (-1) 0.0123457520 (0.5) 0.0246915040 (0.5) 0.0493830080 (0.5) 0.0987660160 (0.4) 0.2469150400 (0.5) 0.4938300800 (0.5) 0.9876601600 (-1) 0.0123398400 (0.4) 0.0308496000 (0.4) 0.0771240000 (0.5) 0.1542480000 (0.4) 0.3856200000 (0.5) 0.7712400000 (-1) 0.2287600000 (0.5) 0.4575200000 (0.5) 0.9150400000 (-1) 0.0849600000 (0.5) 0.1699200000 (0.5) 0.3398400000 (0.4) 0.8496000000 (-1) 0.1504000000 (0.4) 0.3759999999 (0.4) 0.9399999998 (-1) 0.0600000002 (0.5) 0.1200000003 (0.4) 0.3000000008 (0.5) 0.6000000015 (-1) 0.3999999985

[32] = 0.8765432190 (-1) 0.1234567810 (0.5) 0.2469135620 (0.5) 0.4938271240 (0.5) 0.9876542480 (-1) 0.0123457520 (0.4) 0.0308643800 (0.4) 0.0771609500 (0.4) 0.1929023750 (0.5) 0.3858047500 (0.4) 0.9645118750 (-1) 0.0354881250 (0.5) 0.0709762500 (0.4) 0.1774406250 (0.4) 0.4436015625 (0.5) 0.8872031250 (-1) 0.1127968750 (0.5) 0.2255937500 (0.5) 0.4511875000 (0.5) 0.9023750000 (-1) 0.0976250000 (0.4) 0.2440625000 (0.5) 0.4881250000 (0.5) 0.9762500000 (-1) 0.0237500000 (0.5) 0.0475000000 (0.5) 0.0949999999 (0.5) 0.1899999998 (0.5) 0.3799999997 (0.5) 0.7599999994 (-1) 0.2400000006 (0.4) 0.6000000015 (-1) 0.3999999985

[32] = 0.8765432190 (-1) 0.1234567810 (0.5) 0.2469135620 (0.5) 0.4938271240 (0.5) 0.9876542480 (-1) 0.0123457520 (0.5) 0.0246915040 (0.5) 0.0493830080 (0.5) 0.0987660160 (0.4) 0.2469150400 (0.5) 0.4938300800 (0.5) 0.9876601600 (-1) 0.0123398400 (0.4) 0.0308496000 (0.4) 0.0771240000 (0.5) 0.1542480000 (0.4) 0.3856200000 (0.5) 0.7712400000 (-1) 0.2287600000 (0.5) 0.4575200000 (0.5) 0.9150400000 (-1) 0.0849600000 (0.4) 0.2124000000 (0.5) 0.4248000000 (0.5) 0.8496000000 (-1) 0.1504000000 (0.4) 0.3759999999 (0.4) 0.9399999998 (-1) 0.0600000002 (0.4) 0.1500000004 (0.5) 0.3000000008 (0.5) 0.6000000015 (-1) 0.3999999985

[32] = 0.8765432190 (-1) 0.1234567810 (0.5) 0.2469135620 (0.5) 0.4938271240 (0.5) 0.9876542480 (-1) 0.0123457520 (0.5) 0.0246915040 (0.5) 0.0493830080 (0.5) 0.0987660160 (0.4) 0.2469150400 (0.5) 0.4938300800 (0.5) 0.9876601600 (-1) 0.0123398400 (0.4) 0.0308496000 (0.4) 0.0771240000 (0.4) 0.1928100000 (0.4) 0.4820250000 (0.5) 0.9640500000 (-1) 0.0359500000 (0.4) 0.0898750000 (0.5) 0.1797500000 (0.5) 0.3595000000 (0.4) 0.8987500000 (-1) 0.1012500000 (0.5) 0.2025000000 (0.5) 0.4050000001 (0.5) 0.8100000002 (-1) 0.1899999998 (0.5) 0.3799999997 (0.5) 0.7599999994 (-1) 0.2400000006 (0.4) 0.6000000015 (-1) 0.3999999985

[32] = 0.8765432190 (-1) 0.1234567810 (0.5) 0.2469135620 (0.5) 0.4938271240 (0.5) 0.9876542480 (-1) 0.0123457520 (0.5) 0.0246915040 (0.5) 0.0493830080 (0.4) 0.1234575200 (0.5) 0.2469150400 (0.5) 0.4938300800 (0.5) 0.9876601600 (-1) 0.0123398400 (0.5) 0.0246796800 (0.4) 0.0616992000 (0.5) 0.1233984000 (0.5) 0.2467968000 (0.4) 0.6169920000 (-1) 0.3830080000 (0.4) 0.9575200000 (-1) 0.0424800000 (0.5) 0.0849600000 (0.5) 0.1699200000 (0.5) 0.3398400000 (0.4) 0.8496000000 (-1) 0.1504000000 (0.4) 0.3759999999 (0.4) 0.9399999998 (-1) 0.0600000002 (0.4) 0.1500000004 (0.5) 0.3000000008 (0.5) 0.6000000015 (-1) 0.3999999985

[32] = 0.8765432190 (-1) 0.1234567810 (0.5) 0.2469135620 (0.5) 0.4938271240 (0.5) 0.9876542480 (-1) 0.0123457520 (0.5) 0.0246915040 (0.5) 0.0493830080 (0.4) 0.1234575200 (0.5) 0.2469150400 (0.5) 0.4938300800 (0.5) 0.9876601600 (-1) 0.0123398400 (0.5) 0.0246796800 (0.4) 0.0616992000 (0.5) 0.1233984000 (0.5) 0.2467968000 (0.4) 0.6169920000 (-1) 0.3830080000 (0.4) 0.9575200000 (-1) 0.0424800000 (0.5) 0.0849600000 (0.5) 0.1699200000 (0.5) 0.3398400000 (0.4) 0.8496000000 (-1) 0.1504000000 (0.4) 0.3759999999 (0.4) 0.9399999998 (-1) 0.0600000002 (0.5) 0.1200000003 (0.5) 0.2400000006 (0.4) 0.6000000015 (-1) 0.3999999985

[32] = 0.8765432190 (-1) 0.1234567810 (0.5) 0.2469135620 (0.5) 0.4938271240 (0.5) 0.9876542480 (-1) 0.0123457520 (0.5) 0.0246915040 (0.5) 0.0493830080 (0.4) 0.1234575200 (0.5) 0.2469150400 (0.5) 0.4938300800 (0.5) 0.9876601600 (-1) 0.0123398400 (0.5) 0.0246796800 (0.4) 0.0616992000 (0.5) 0.1233984000 (0.5) 0.2467968000 (0.4) 0.6169920000 (-1) 0.3830080000 (0.4) 0.9575200000 (-1) 0.0424800000 (0.5) 0.0849600000 (0.5) 0.1699200000 (0.5) 0.3398400000 (0.4) 0.8496000000 (-1) 0.1504000000 (0.4) 0.3759999999 (0.4) 0.9399999998 (-1) 0.0600000002 (0.5) 0.1200000003 (0.4) 0.3000000008 (0.5) 0.6000000015 (-1) 0.3999999985

[32] = 0.8765432190 (-1) 0.1234567810 (0.5) 0.2469135620 (0.5) 0.4938271240 (0.5) 0.9876542480 (-1) 0.0123457520 (0.5) 0.0246915040 (0.5) 0.0493830080 (0.5) 0.0987660160 (0.5) 0.1975320320 (0.4) 0.4938300800 (0.5) 0.9876601600 (-1) 0.0123398400 (0.5) 0.0246796800 (0.4) 0.0616992000 (0.5) 0.1233984000 (0.4) 0.3084960000 (0.4) 0.7712400000 (-1) 0.2287600000 (0.5) 0.4575200000 (0.5) 0.9150400000 (-1) 0.0849600000 (0.5) 0.1699200000 (0.4) 0.4248000000 (0.5) 0.8496000000 (-1) 0.1504000000 (0.4) 0.3759999999 (0.4) 0.9399999998 (-1) 0.0600000002 (0.5) 0.1200000003 (0.4) 0.3000000008 (0.5) 0.6000000015 (-1) 0.3999999985

[32] = 0.8765432190 (-1) 0.1234567810 (0.5) 0.2469135620 (0.5) 0.4938271240 (0.5) 0.9876542480 (-1) 0.0123457520 (0.5) 0.0246915040 (0.5) 0.0493830080 (0.5) 0.0987660160 (0.5) 0.1975320320 (0.4) 0.4938300800 (0.5) 0.9876601600 (-1) 0.0123398400 (0.5) 0.0246796800 (0.4) 0.0616992000 (0.5) 0.1233984000 (0.4) 0.3084960000 (0.4) 0.7712400000 (-1) 0.2287600000 (0.5) 0.4575200000 (0.5) 0.9150400000 (-1) 0.0849600000 (0.5) 0.1699200000 (0.4) 0.4248000000 (0.5) 0.8496000000 (-1) 0.1504000000 (0.4) 0.3759999999 (0.4) 0.9399999998 (-1) 0.0600000002 (0.5) 0.1200000003 (0.5) 0.2400000006 (0.4) 0.6000000015 (-1) 0.3999999985

[32] = 0.8765432190 (-1) 0.1234567810 (0.5) 0.2469135620 (0.5) 0.4938271240 (0.5) 0.9876542480 (-1) 0.0123457520 (0.5) 0.0246915040 (0.5) 0.0493830080 (0.5) 0.0987660160 (0.5) 0.1975320320 (0.4) 0.4938300800 (0.5) 0.9876601600 (-1) 0.0123398400 (0.5) 0.0246796800 (0.4) 0.0616992000 (0.5) 0.1233984000 (0.4) 0.3084960000 (0.4) 0.7712400000 (-1) 0.2287600000 (0.5) 0.4575200000 (0.5) 0.9150400000 (-1) 0.0849600000 (0.5) 0.1699200000 (0.4) 0.4248000000 (0.5) 0.8496000000 (-1) 0.1504000000 (0.4) 0.3759999999 (0.4) 0.9399999998 (-1) 0.0600000002 (0.4) 0.1500000004 (0.5) 0.3000000008 (0.5) 0.6000000015 (-1) 0.3999999985

[32] = 0.8765432190 (-1) 0.1234567810 (0.5) 0.2469135620 (0.5) 0.4938271240 (0.5) 0.9876542480 (-1) 0.0123457520 (0.5) 0.0246915040 (0.5) 0.0493830080 (0.5) 0.0987660160 (0.4) 0.2469150400 (0.5) 0.4938300800 (0.5) 0.9876601600 (-1) 0.0123398400 (0.5) 0.0246796800 (0.4) 0.0616992000 (0.4) 0.1542480000 (0.4) 0.3856200000 (0.4) 0.9640500000 (-1) 0.0359500000 (0.5) 0.0719000000 (0.5) 0.1438000000 (0.4) 0.3595000000 (0.4) 0.8987500000 (-1) 0.1012500000 (0.5) 0.2025000000 (0.5) 0.4050000001 (0.5) 0.8100000002 (-1) 0.1899999998 (0.5) 0.3799999997 (0.5) 0.7599999994 (-1) 0.2400000006 (0.4) 0.6000000015 (-1) 0.3999999985

[32] = 0.8765432190 (-1) 0.1234567810 (0.5) 0.2469135620 (0.5) 0.4938271240 (0.5) 0.9876542480 (-1) 0.0123457520 (0.5) 0.0246915040 (0.5) 0.0493830080 (0.5) 0.0987660160 (0.4) 0.2469150400 (0.5) 0.4938300800 (0.5) 0.9876601600 (-1) 0.0123398400 (0.4) 0.0308496000 (0.4) 0.0771240000 (0.4) 0.1928100000 (0.4) 0.4820250000 (0.5) 0.9640500000 (-1) 0.0359500000 (0.5) 0.0719000000 (0.5) 0.1438000000 (0.5) 0.2876000000 (0.5) 0.5752000000 (-1) 0.4248000000 (0.5) 0.8496000000 (-1) 0.1504000000 (0.4) 0.3759999999 (0.4) 0.9399999998 (-1) 0.0600000002 (0.4) 0.1500000004 (0.5) 0.3000000008 (0.5) 0.6000000015 (-1) 0.3999999985

[32] = 0.8765432190 (-1) 0.1234567810 (0.5) 0.2469135620 (0.5) 0.4938271240 (0.5) 0.9876542480 (-1) 0.0123457520 (0.5) 0.0246915040 (0.5) 0.0493830080 (0.5) 0.0987660160 (0.5) 0.1975320320 (0.4) 0.4938300800 (0.5) 0.9876601600 (-1) 0.0123398400 (0.4) 0.0308496000 (0.4) 0.0771240000 (0.4) 0.1928100000 (0.4) 0.4820250000 (0.5) 0.9640500000 (-1) 0.0359500000 (0.4) 0.0898750000 (0.4) 0.2246875000 (0.5) 0.4493750000 (0.5) 0.8987500000 (-1) 0.1012500000 (0.5) 0.2025000000 (0.5) 0.4050000001 (0.5) 0.8100000002 (-1) 0.1899999998 (0.5) 0.3799999997 (0.5) 0.7599999994 (-1) 0.2400000006 (0.4) 0.6000000015 (-1) 0.3999999985

[32] = 0.8765432190 (-1) 0.1234567810 (0.5) 0.2469135620 (0.5) 0.4938271240 (0.5) 0.9876542480 (-1) 0.0123457520 (0.5) 0.0246915040 (0.5) 0.0493830080 (0.4) 0.1234575200 (0.5) 0.2469150400 (0.5) 0.4938300800 (0.5) 0.9876601600 (-1) 0.0123398400 (0.4) 0.0308496000 (0.4) 0.0771240000 (0.4) 0.1928100000 (0.4) 0.4820250000 (0.5) 0.9640500000 (-1) 0.0359500000 (0.4) 0.0898750000 (0.4) 0.2246875000 (0.5) 0.4493750000 (0.5) 0.8987500000 (-1) 0.1012500000 (0.5) 0.2025000000 (0.5) 0.4050000001 (0.5) 0.8100000002 (-1) 0.1899999998 (0.5) 0.3799999997 (0.5) 0.7599999994 (-1) 0.2400000006 (0.4) 0.6000000015 (-1) 0.3999999985

[32] = 0.8765432190 (-1) 0.1234567810 (0.5) 0.2469135620 (0.5) 0.4938271240 (0.5) 0.9876542480 (-1) 0.0123457520 (0.5) 0.0246915040 (0.5) 0.0493830080 (0.4) 0.1234575200 (0.5) 0.2469150400 (0.5) 0.4938300800 (0.5) 0.9876601600 (-1) 0.0123398400 (0.5) 0.0246796800 (0.4) 0.0616992000 (0.5) 0.1233984000 (0.5) 0.2467968000 (0.4) 0.6169920000 (-1) 0.3830080000 (0.4) 0.9575200000 (-1) 0.0424800000 (0.4) 0.1062000000 (0.5) 0.2124000000 (0.5) 0.4248000000 (0.5) 0.8496000000 (-1) 0.1504000000 (0.4) 0.3759999999 (0.4) 0.9399999998 (-1) 0.0600000002 (0.5) 0.1200000003 (0.5) 0.2400000006 (0.4) 0.6000000015 (-1) 0.3999999985

[32] = 0.8765432190 (-1) 0.1234567810 (0.5) 0.2469135620 (0.5) 0.4938271240 (0.5) 0.9876542480 (-1) 0.0123457520 (0.5) 0.0246915040 (0.5) 0.0493830080 (0.5) 0.0987660160 (0.4) 0.2469150400 (0.5) 0.4938300800 (0.5) 0.9876601600 (-1) 0.0123398400 (0.4) 0.0308496000 (0.4) 0.0771240000 (0.4) 0.1928100000 (0.4) 0.4820250000 (0.5) 0.9640500000 (-1) 0.0359500000 (0.5) 0.0719000000 (0.5) 0.1438000000 (0.5) 0.2876000000 (0.5) 0.5752000000 (-1) 0.4248000000 (0.5) 0.8496000000 (-1) 0.1504000000 (0.4) 0.3759999999 (0.4) 0.9399999998 (-1) 0.0600000002 (0.5) 0.1200000003 (0.4) 0.3000000008 (0.5) 0.6000000015 (-1) 0.3999999985

[32] = 0.8765432190 (-1) 0.1234567810 (0.5) 0.2469135620 (0.5) 0.4938271240 (0.5) 0.9876542480 (-1) 0.0123457520 (0.5) 0.0246915040 (0.5) 0.0493830080 (0.5) 0.0987660160 (0.4) 0.2469150400 (0.5) 0.4938300800 (0.5) 0.9876601600 (-1) 0.0123398400 (0.4) 0.0308496000 (0.4) 0.0771240000 (0.4) 0.1928100000 (0.4) 0.4820250000 (0.5) 0.9640500000 (-1) 0.0359500000 (0.5) 0.0719000000 (0.5) 0.1438000000 (0.5) 0.2876000000 (0.5) 0.5752000000 (-1) 0.4248000000 (0.5) 0.8496000000 (-1) 0.1504000000 (0.4) 0.3759999999 (0.4) 0.9399999998 (-1) 0.0600000002 (0.5) 0.1200000003 (0.5) 0.2400000006 (0.4) 0.6000000015 (-1) 0.3999999985

[32] = 0.8765432190 (-1) 0.1234567810 (0.5) 0.2469135620 (0.5) 0.4938271240 (0.5) 0.9876542480 (-1) 0.0123457520 (0.5) 0.0246915040 (0.5) 0.0493830080 (0.4) 0.1234575200 (0.5) 0.2469150400 (0.5) 0.4938300800 (0.5) 0.9876601600 (-1) 0.0123398400 (0.5) 0.0246796800 (0.4) 0.0616992000 (0.5) 0.1233984000 (0.5) 0.2467968000 (0.4) 0.6169920000 (-1) 0.3830080000 (0.4) 0.9575200000 (-1) 0.0424800000 (0.4) 0.1062000000 (0.5) 0.2124000000 (0.5) 0.4248000000 (0.5) 0.8496000000 (-1) 0.1504000000 (0.4) 0.3759999999 (0.4) 0.9399999998 (-1) 0.0600000002 (0.4) 0.1500000004 (0.5) 0.3000000008 (0.5) 0.6000000015 (-1) 0.3999999985

[32] = 0.8765432190 (-1) 0.1234567810 (0.5) 0.2469135620 (0.5) 0.4938271240 (0.5) 0.9876542480 (-1) 0.0123457520 (0.5) 0.0246915040 (0.5) 0.0493830080 (0.4) 0.1234575200 (0.5) 0.2469150400 (0.5) 0.4938300800 (0.5) 0.9876601600 (-1) 0.0123398400 (0.5) 0.0246796800 (0.4) 0.0616992000 (0.5) 0.1233984000 (0.5) 0.2467968000 (0.4) 0.6169920000 (-1) 0.3830080000 (0.4) 0.9575200000 (-1) 0.0424800000 (0.4) 0.1062000000 (0.5) 0.2124000000 (0.5) 0.4248000000 (0.5) 0.8496000000 (-1) 0.1504000000 (0.4) 0.3759999999 (0.4) 0.9399999998 (-1) 0.0600000002 (0.5) 0.1200000003 (0.4) 0.3000000008 (0.5) 0.6000000015 (-1) 0.3999999985

[32] = 0.8765432190 (-1) 0.1234567810 (0.5) 0.2469135620 (0.5) 0.4938271240 (0.5) 0.9876542480 (-1) 0.0123457520 (0.5) 0.0246915040 (0.5) 0.0493830080 (0.5) 0.0987660160 (0.4) 0.2469150400 (0.5) 0.4938300800 (0.5) 0.9876601600 (-1) 0.0123398400 (0.5) 0.0246796800 (0.4) 0.0616992000 (0.4) 0.1542480000 (0.4) 0.3856200000 (0.4) 0.9640500000 (-1) 0.0359500000 (0.5) 0.0719000000 (0.5) 0.1438000000 (0.5) 0.2876000000 (0.5) 0.5752000000 (-1) 0.4248000000 (0.5) 0.8496000000 (-1) 0.1504000000 (0.4) 0.3759999999 (0.4) 0.9399999998 (-1) 0.0600000002 (0.4) 0.1500000004 (0.5) 0.3000000008 (0.5) 0.6000000015 (-1) 0.3999999985

[32] = 0.8765432190 (-1) 0.1234567810 (0.5) 0.2469135620 (0.5) 0.4938271240 (0.5) 0.9876542480 (-1) 0.0123457520 (0.5) 0.0246915040 (0.5) 0.0493830080 (0.5) 0.0987660160 (0.5) 0.1975320320 (0.4) 0.4938300800 (0.5) 0.9876601600 (-1) 0.0123398400 (0.4) 0.0308496000 (0.4) 0.0771240000 (0.4) 0.1928100000 (0.4) 0.4820250000 (0.5) 0.9640500000 (-1) 0.0359500000 (0.5) 0.0719000000 (0.4) 0.1797500000 (0.4) 0.4493750000 (0.5) 0.8987500000 (-1) 0.1012500000 (0.5) 0.2025000000 (0.5) 0.4050000001 (0.5) 0.8100000002 (-1) 0.1899999998 (0.5) 0.3799999997 (0.5) 0.7599999994 (-1) 0.2400000006 (0.4) 0.6000000015 (-1) 0.3999999985

[32] = 0.8765432190 (-1) 0.1234567810 (0.5) 0.2469135620 (0.5) 0.4938271240 (0.5) 0.9876542480 (-1) 0.0123457520 (0.5) 0.0246915040 (0.5) 0.0493830080 (0.5) 0.0987660160 (0.5) 0.1975320320 (0.5) 0.3950640640 (0.4) 0.9876601600 (-1) 0.0123398400 (0.4) 0.0308496000 (0.4) 0.0771240000 (0.4) 0.1928100000 (0.5) 0.3856200000 (0.4) 0.9640500000 (-1) 0.0359500000 (0.5) 0.0719000000 (0.4) 0.1797500000 (0.4) 0.4493750000 (0.5) 0.8987500000 (-1) 0.1012500000 (0.5) 0.2025000000 (0.5) 0.4050000001 (0.5) 0.8100000002 (-1) 0.1899999998 (0.5) 0.3799999997 (0.5) 0.7599999994 (-1) 0.2400000006 (0.4) 0.6000000015 (-1) 0.3999999985

[32] = 0.8765432190 (-1) 0.1234567810 (0.5) 0.2469135620 (0.5) 0.4938271240 (0.5) 0.9876542480 (-1) 0.0123457520 (0.5) 0.0246915040 (0.5) 0.0493830080 (0.5) 0.0987660160 (0.4) 0.2469150400 (0.5) 0.4938300800 (0.5) 0.9876601600 (-1) 0.0123398400 (0.5) 0.0246796800 (0.4) 0.0616992000 (0.4) 0.1542480000 (0.4) 0.3856200000 (0.4) 0.9640500000 (-1) 0.0359500000 (0.5) 0.0719000000 (0.4) 0.1797500000 (0.5) 0.3595000000 (0.4) 0.8987500000 (-1) 0.1012500000 (0.5) 0.2025000000 (0.5) 0.4050000001 (0.5) 0.8100000002 (-1) 0.1899999998 (0.5) 0.3799999997 (0.5) 0.7599999994 (-1) 0.2400000006 (0.4) 0.6000000015 (-1) 0.3999999985

[32] = 0.8765432190 (-1) 0.1234567810 (0.5) 0.2469135620 (0.5) 0.4938271240 (0.5) 0.9876542480 (-1) 0.0123457520 (0.5) 0.0246915040 (0.5) 0.0493830080 (0.5) 0.0987660160 (0.5) 0.1975320320 (0.4) 0.4938300800 (0.5) 0.9876601600 (-1) 0.0123398400 (0.4) 0.0308496000 (0.4) 0.0771240000 (0.4) 0.1928100000 (0.4) 0.4820250000 (0.5) 0.9640500000 (-1) 0.0359500000 (0.4) 0.0898750000 (0.5) 0.1797500000 (0.5) 0.3595000000 (0.4) 0.8987500000 (-1) 0.1012500000 (0.5) 0.2025000000 (0.5) 0.4050000001 (0.5) 0.8100000002 (-1) 0.1899999998 (0.5) 0.3799999997 (0.5) 0.7599999994 (-1) 0.2400000006 (0.4) 0.6000000015 (-1) 0.3999999985

[32] = 0.8765432190 (-1) 0.1234567810 (0.5) 0.2469135620 (0.5) 0.4938271240 (0.5) 0.9876542480 (-1) 0.0123457520 (0.5) 0.0246915040 (0.5) 0.0493830080 (0.5) 0.0987660160 (0.5) 0.1975320320 (0.5) 0.3950640640 (0.4) 0.9876601600 (-1) 0.0123398400 (0.4) 0.0308496000 (0.4) 0.0771240000 (0.4) 0.1928100000 (0.5) 0.3856200000 (0.4) 0.9640500000 (-1) 0.0359500000 (0.4) 0.0898750000 (0.5) 0.1797500000 (0.4) 0.4493750000 (0.5) 0.8987500000 (-1) 0.1012500000 (0.5) 0.2025000000 (0.5) 0.4050000001 (0.5) 0.8100000002 (-1) 0.1899999998 (0.5) 0.3799999997 (0.5) 0.7599999994 (-1) 0.2400000006 (0.4) 0.6000000015 (-1) 0.3999999985

[32] = 0.8765432190 (-1) 0.1234567810 (0.5) 0.2469135620 (0.5) 0.4938271240 (0.5) 0.9876542480 (-1) 0.0123457520 (0.5) 0.0246915040 (0.5) 0.0493830080 (0.5) 0.0987660160 (0.4) 0.2469150400 (0.5) 0.4938300800 (0.5) 0.9876601600 (-1) 0.0123398400 (0.5) 0.0246796800 (0.4) 0.0616992000 (0.4) 0.1542480000 (0.4) 0.3856200000 (0.4) 0.9640500000 (-1) 0.0359500000 (0.5) 0.0719000000 (0.5) 0.1438000000 (0.5) 0.2876000000 (0.5) 0.5752000000 (-1) 0.4248000000 (0.5) 0.8496000000 (-1) 0.1504000000 (0.4) 0.3759999999 (0.4) 0.9399999998 (-1) 0.0600000002 (0.5) 0.1200000003 (0.4) 0.3000000008 (0.5) 0.6000000015 (-1) 0.3999999985

[32] = 0.8765432190 (-1) 0.1234567810 (0.5) 0.2469135620 (0.5) 0.4938271240 (0.5) 0.9876542480 (-1) 0.0123457520 (0.5) 0.0246915040 (0.5) 0.0493830080 (0.5) 0.0987660160 (0.4) 0.2469150400 (0.5) 0.4938300800 (0.5) 0.9876601600 (-1) 0.0123398400 (0.5) 0.0246796800 (0.4) 0.0616992000 (0.4) 0.1542480000 (0.4) 0.3856200000 (0.4) 0.9640500000 (-1) 0.0359500000 (0.5) 0.0719000000 (0.5) 0.1438000000 (0.5) 0.2876000000 (0.5) 0.5752000000 (-1) 0.4248000000 (0.5) 0.8496000000 (-1) 0.1504000000 (0.4) 0.3759999999 (0.4) 0.9399999998 (-1) 0.0600000002 (0.5) 0.1200000003 (0.5) 0.2400000006 (0.4) 0.6000000015 (-1) 0.3999999985

[32] = 0.8765432190 (-1) 0.1234567810 (0.5) 0.2469135620 (0.5) 0.4938271240 (0.5) 0.9876542480 (-1) 0.0123457520 (0.5) 0.0246915040 (0.5) 0.0493830080 (0.5) 0.0987660160 (0.5) 0.1975320320 (0.4) 0.4938300800 (0.5) 0.9876601600 (-1) 0.0123398400 (0.4) 0.0308496000 (0.4) 0.0771240000 (0.4) 0.1928100000 (0.4) 0.4820250000 (0.5) 0.9640500000 (-1) 0.0359500000 (0.4) 0.0898750000 (0.5) 0.1797500000 (0.4) 0.4493750000 (0.5) 0.8987500000 (-1) 0.1012500000 (0.5) 0.2025000000 (0.5) 0.4050000001 (0.5) 0.8100000002 (-1) 0.1899999998 (0.5) 0.3799999997 (0.5) 0.7599999994 (-1) 0.2400000006 (0.4) 0.6000000015 (-1) 0.3999999985

[32] = 0.8765432190 (-1) 0.1234567810 (0.5) 0.2469135620 (0.5) 0.4938271240 (0.5) 0.9876542480 (-1) 0.0123457520 (0.5) 0.0246915040 (0.5) 0.0493830080 (0.5) 0.0987660160 (0.5) 0.1975320320 (0.4) 0.4938300800 (0.5) 0.9876601600 (-1) 0.0123398400 (0.4) 0.0308496000 (0.4) 0.0771240000 (0.4) 0.1928100000 (0.5) 0.3856200000 (0.4) 0.9640500000 (-1) 0.0359500000 (0.5) 0.0719000000 (0.4) 0.1797500000 (0.4) 0.4493750000 (0.5) 0.8987500000 (-1) 0.1012500000 (0.5) 0.2025000000 (0.5) 0.4050000001 (0.5) 0.8100000002 (-1) 0.1899999998 (0.5) 0.3799999997 (0.5) 0.7599999994 (-1) 0.2400000006 (0.4) 0.6000000015 (-1) 0.3999999985

[32] = 0.8765432190 (-1) 0.1234567810 (0.5) 0.2469135620 (0.5) 0.4938271240 (0.5) 0.9876542480 (-1) 0.0123457520 (0.5) 0.0246915040 (0.5) 0.0493830080 (0.5) 0.0987660160 (0.5) 0.1975320320 (0.5) 0.3950640640 (0.4) 0.9876601600 (-1) 0.0123398400 (0.4) 0.0308496000 (0.4) 0.0771240000 (0.4) 0.1928100000 (0.5) 0.3856200000 (0.4) 0.9640500000 (-1) 0.0359500000 (0.5) 0.0719000000 (0.5) 0.1438000000 (0.5) 0.2876000000 (0.5) 0.5752000000 (-1) 0.4248000000 (0.5) 0.8496000000 (-1) 0.1504000000 (0.4) 0.3759999999 (0.4) 0.9399999998 (-1) 0.0600000002 (0.4) 0.1500000004 (0.5) 0.3000000008 (0.5) 0.6000000015 (-1) 0.3999999985

[32] = 0.8765432190 (-1) 0.1234567810 (0.5) 0.2469135620 (0.5) 0.4938271240 (0.5) 0.9876542480 (-1) 0.0123457520 (0.5) 0.0246915040 (0.5) 0.0493830080 (0.5) 0.0987660160 (0.5) 0.1975320320 (0.5) 0.3950640640 (0.4) 0.9876601600 (-1) 0.0123398400 (0.4) 0.0308496000 (0.4) 0.0771240000 (0.4) 0.1928100000 (0.4) 0.4820250000 (0.5) 0.9640500000 (-1) 0.0359500000 (0.4) 0.0898750000 (0.4) 0.2246875000 (0.5) 0.4493750000 (0.5) 0.8987500000 (-1) 0.1012500000 (0.5) 0.2025000000 (0.5) 0.4050000001 (0.5) 0.8100000002 (-1) 0.1899999998 (0.5) 0.3799999997 (0.5) 0.7599999994 (-1) 0.2400000006 (0.4) 0.6000000015 (-1) 0.3999999985

[32] = 0.8765432190 (-1) 0.1234567810 (0.5) 0.2469135620 (0.5) 0.4938271240 (0.5) 0.9876542480 (-1) 0.0123457520 (0.5) 0.0246915040 (0.5) 0.0493830080 (0.5) 0.0987660160 (0.5) 0.1975320320 (0.5) 0.3950640640 (0.4) 0.9876601600 (-1) 0.0123398400 (0.4) 0.0308496000 (0.4) 0.0771240000 (0.4) 0.1928100000 (0.5) 0.3856200000 (0.4) 0.9640500000 (-1) 0.0359500000 (0.5) 0.0719000000 (0.4) 0.1797500000 (0.5) 0.3595000000 (0.4) 0.8987500000 (-1) 0.1012500000 (0.5) 0.2025000000 (0.5) 0.4050000001 (0.5) 0.8100000002 (-1) 0.1899999998 (0.5) 0.3799999997 (0.5) 0.7599999994 (-1) 0.2400000006 (0.4) 0.6000000015 (-1) 0.3999999985

[32] = 0.8765432190 (-1) 0.1234567810 (0.5) 0.2469135620 (0.5) 0.4938271240 (0.5) 0.9876542480 (-1) 0.0123457520 (0.5) 0.0246915040 (0.5) 0.0493830080 (0.5) 0.0987660160 (0.5) 0.1975320320 (0.5) 0.3950640640 (0.4) 0.9876601600 (-1) 0.0123398400 (0.4) 0.0308496000 (0.4) 0.0771240000 (0.4) 0.1928100000 (0.5) 0.3856200000 (0.4) 0.9640500000 (-1) 0.0359500000 (0.4) 0.0898750000 (0.4) 0.2246875000 (0.5) 0.4493750000 (0.5) 0.8987500000 (-1) 0.1012500000 (0.5) 0.2025000000 (0.5) 0.4050000001 (0.5) 0.8100000002 (-1) 0.1899999998 (0.5) 0.3799999997 (0.5) 0.7599999994 (-1) 0.2400000006 (0.4) 0.6000000015 (-1) 0.3999999985

[32] = 0.8765432190 (-1) 0.1234567810 (0.5) 0.2469135620 (0.5) 0.4938271240 (0.5) 0.9876542480 (-1) 0.0123457520 (0.5) 0.0246915040 (0.5) 0.0493830080 (0.5) 0.0987660160 (0.5) 0.1975320320 (0.5) 0.3950640640 (0.4) 0.9876601600 (-1) 0.0123398400 (0.4) 0.0308496000 (0.4) 0.0771240000 (0.4) 0.1928100000 (0.4) 0.4820250000 (0.5) 0.9640500000 (-1) 0.0359500000 (0.5) 0.0719000000 (0.5) 0.1438000000 (0.4) 0.3595000000 (0.4) 0.8987500000 (-1) 0.1012500000 (0.5) 0.2025000000 (0.5) 0.4050000001 (0.5) 0.8100000002 (-1) 0.1899999998 (0.5) 0.3799999997 (0.5) 0.7599999994 (-1) 0.2400000006 (0.4) 0.6000000015 (-1) 0.3999999985

[32] = 0.8765432190 (-1) 0.1234567810 (0.5) 0.2469135620 (0.5) 0.4938271240 (0.5) 0.9876542480 (-1) 0.0123457520 (0.5) 0.0246915040 (0.5) 0.0493830080 (0.5) 0.0987660160 (0.5) 0.1975320320 (0.5) 0.3950640640 (0.4) 0.9876601600 (-1) 0.0123398400 (0.4) 0.0308496000 (0.4) 0.0771240000 (0.4) 0.1928100000 (0.4) 0.4820250000 (0.5) 0.9640500000 (-1) 0.0359500000 (0.5) 0.0719000000 (0.4) 0.1797500000 (0.4) 0.4493750000 (0.5) 0.8987500000 (-1) 0.1012500000 (0.5) 0.2025000000 (0.5) 0.4050000001 (0.5) 0.8100000002 (-1) 0.1899999998 (0.5) 0.3799999997 (0.5) 0.7599999994 (-1) 0.2400000006 (0.4) 0.6000000015 (-1) 0.3999999985

[32] = 0.8765432190 (-1) 0.1234567810 (0.5) 0.2469135620 (0.5) 0.4938271240 (0.5) 0.9876542480 (-1) 0.0123457520 (0.5) 0.0246915040 (0.5) 0.0493830080 (0.5) 0.0987660160 (0.5) 0.1975320320 (0.5) 0.3950640640 (0.4) 0.9876601600 (-1) 0.0123398400 (0.4) 0.0308496000 (0.4) 0.0771240000 (0.4) 0.1928100000 (0.4) 0.4820250000 (0.5) 0.9640500000 (-1) 0.0359500000 (0.4) 0.0898750000 (0.5) 0.1797500000 (0.5) 0.3595000000 (0.4) 0.8987500000 (-1) 0.1012500000 (0.5) 0.2025000000 (0.5) 0.4050000001 (0.5) 0.8100000002 (-1) 0.1899999998 (0.5) 0.3799999997 (0.5) 0.7599999994 (-1) 0.2400000006 (0.4) 0.6000000015 (-1) 0.3999999985

[32] = 0.8765432190 (-1) 0.1234567810 (0.5) 0.2469135620 (0.5) 0.4938271240 (0.5) 0.9876542480 (-1) 0.0123457520 (0.5) 0.0246915040 (0.5) 0.0493830080 (0.5) 0.0987660160 (0.5) 0.1975320320 (0.5) 0.3950640640 (0.4) 0.9876601600 (-1) 0.0123398400 (0.4) 0.0308496000 (0.4) 0.0771240000 (0.4) 0.1928100000 (0.5) 0.3856200000 (0.4) 0.9640500000 (-1) 0.0359500000 (0.5) 0.0719000000 (0.5) 0.1438000000 (0.5) 0.2876000000 (0.5) 0.5752000000 (-1) 0.4248000000 (0.5) 0.8496000000 (-1) 0.1504000000 (0.4) 0.3759999999 (0.4) 0.9399999998 (-1) 0.0600000002 (0.5) 0.1200000003 (0.5) 0.2400000006 (0.4) 0.6000000015 (-1) 0.3999999985

[32] = 0.8765432190 (-1) 0.1234567810 (0.5) 0.2469135620 (0.5) 0.4938271240 (0.5) 0.9876542480 (-1) 0.0123457520 (0.5) 0.0246915040 (0.5) 0.0493830080 (0.5) 0.0987660160 (0.5) 0.1975320320 (0.5) 0.3950640640 (0.4) 0.9876601600 (-1) 0.0123398400 (0.4) 0.0308496000 (0.4) 0.0771240000 (0.4) 0.1928100000 (0.5) 0.3856200000 (0.4) 0.9640500000 (-1) 0.0359500000 (0.5) 0.0719000000 (0.5) 0.1438000000 (0.5) 0.2876000000 (0.5) 0.5752000000 (-1) 0.4248000000 (0.5) 0.8496000000 (-1) 0.1504000000 (0.4) 0.3759999999 (0.4) 0.9399999998 (-1) 0.0600000002 (0.5) 0.1200000003 (0.4) 0.3000000008 (0.5) 0.6000000015 (-1) 0.3999999985

[32] = 0.8765432190 (-1) 0.1234567810 (0.5) 0.2469135620 (0.5) 0.4938271240 (0.5) 0.9876542480 (-1) 0.0123457520 (0.5) 0.0246915040 (0.5) 0.0493830080 (0.5) 0.0987660160 (0.5) 0.1975320320 (0.5) 0.3950640640 (0.4) 0.9876601600 (-1) 0.0123398400 (0.4) 0.0308496000 (0.4) 0.0771240000 (0.4) 0.1928100000 (0.4) 0.4820250000 (0.5) 0.9640500000 (-1) 0.0359500000 (0.5) 0.0719000000 (0.4) 0.1797500000 (0.5) 0.3595000000 (0.4) 0.8987500000 (-1) 0.1012500000 (0.5) 0.2025000000 (0.5) 0.4050000001 (0.5) 0.8100000002 (-1) 0.1899999998 (0.5) 0.3799999997 (0.5) 0.7599999994 (-1) 0.2400000006 (0.4) 0.6000000015 (-1) 0.3999999985

[32] = 0.8765432190 (-1) 0.1234567810 (0.5) 0.2469135620 (0.5) 0.4938271240 (0.5) 0.9876542480 (-1) 0.0123457520 (0.5) 0.0246915040 (0.5) 0.0493830080 (0.5) 0.0987660160 (0.5) 0.1975320320 (0.4) 0.4938300800 (0.5) 0.9876601600 (-1) 0.0123398400 (0.4) 0.0308496000 (0.4) 0.0771240000 (0.4) 0.1928100000 (0.5) 0.3856200000 (0.4) 0.9640500000 (-1) 0.0359500000 (0.5) 0.0719000000 (0.4) 0.1797500000 (0.5) 0.3595000000 (0.4) 0.8987500000 (-1) 0.1012500000 (0.5) 0.2025000000 (0.5) 0.4050000001 (0.5) 0.8100000002 (-1) 0.1899999998 (0.5) 0.3799999997 (0.5) 0.7599999994 (-1) 0.2400000006 (0.4) 0.6000000015 (-1) 0.3999999985

[32] = 0.8765432190 (-1) 0.1234567810 (0.5) 0.2469135620 (0.5) 0.4938271240 (0.5) 0.9876542480 (-1) 0.0123457520 (0.5) 0.0246915040 (0.5) 0.0493830080 (0.5) 0.0987660160 (0.5) 0.1975320320 (0.5) 0.3950640640 (0.4) 0.9876601600 (-1) 0.0123398400 (0.4) 0.0308496000 (0.4) 0.0771240000 (0.4) 0.1928100000 (0.4) 0.4820250000 (0.5) 0.9640500000 (-1) 0.0359500000 (0.4) 0.0898750000 (0.5) 0.1797500000 (0.4) 0.4493750000 (0.5) 0.8987500000 (-1) 0.1012500000 (0.5) 0.2025000000 (0.5) 0.4050000001 (0.5) 0.8100000002 (-1) 0.1899999998 (0.5) 0.3799999997 (0.5) 0.7599999994 (-1) 0.2400000006 (0.4) 0.6000000015 (-1) 0.3999999985

[32] = 0.8765432190 (-1) 0.1234567810 (0.5) 0.2469135620 (0.5) 0.4938271240 (0.5) 0.9876542480 (-1) 0.0123457520 (0.5) 0.0246915040 (0.5) 0.0493830080 (0.5) 0.0987660160 (0.5) 0.1975320320 (0.5) 0.3950640640 (0.4) 0.9876601600 (-1) 0.0123398400 (0.4) 0.0308496000 (0.4) 0.0771240000 (0.4) 0.1928100000 (0.4) 0.4820250000 (0.5) 0.9640500000 (-1) 0.0359500000 (0.5) 0.0719000000 (0.5) 0.1438000000 (0.5) 0.2876000000 (0.5) 0.5752000000 (-1) 0.4248000000 (0.5) 0.8496000000 (-1) 0.1504000000 (0.4) 0.3759999999 (0.4) 0.9399999998 (-1) 0.0600000002 (0.5) 0.1200000003 (0.4) 0.3000000008 (0.5) 0.6000000015 (-1) 0.3999999985

[32] = 0.8765432190 (-1) 0.1234567810 (0.5) 0.2469135620 (0.5) 0.4938271240 (0.5) 0.9876542480 (-1) 0.0123457520 (0.5) 0.0246915040 (0.5) 0.0493830080 (0.5) 0.0987660160 (0.5) 0.1975320320 (0.5) 0.3950640640 (0.4) 0.9876601600 (-1) 0.0123398400 (0.4) 0.0308496000 (0.4) 0.0771240000 (0.4) 0.1928100000 (0.4) 0.4820250000 (0.5) 0.9640500000 (-1) 0.0359500000 (0.5) 0.0719000000 (0.5) 0.1438000000 (0.5) 0.2876000000 (0.5) 0.5752000000 (-1) 0.4248000000 (0.5) 0.8496000000 (-1) 0.1504000000 (0.4) 0.3759999999 (0.4) 0.9399999998 (-1) 0.0600000002 (0.4) 0.1500000004 (0.5) 0.3000000008 (0.5) 0.6000000015 (-1) 0.3999999985

[32] = 0.8765432190 (-1) 0.1234567810 (0.5) 0.2469135620 (0.5) 0.4938271240 (0.5) 0.9876542480 (-1) 0.0123457520 (0.5) 0.0246915040 (0.5) 0.0493830080 (0.5) 0.0987660160 (0.5) 0.1975320320 (0.5) 0.3950640640 (0.4) 0.9876601600 (-1) 0.0123398400 (0.4) 0.0308496000 (0.4) 0.0771240000 (0.4) 0.1928100000 (0.5) 0.3856200000 (0.5) 0.7712400000 (-1) 0.2287600000 (0.5) 0.4575200000 (0.5) 0.9150400000 (-1) 0.0849600000 (0.4) 0.2124000000 (0.5) 0.4248000000 (0.5) 0.8496000000 (-1) 0.1504000000 (0.4) 0.3759999999 (0.4) 0.9399999998 (-1) 0.0600000002 (0.5) 0.1200000003 (0.5) 0.2400000006 (0.4) 0.6000000015 (-1) 0.3999999985

[32] = 0.8765432190 (-1) 0.1234567810 (0.5) 0.2469135620 (0.5) 0.4938271240 (0.5) 0.9876542480 (-1) 0.0123457520 (0.5) 0.0246915040 (0.5) 0.0493830080 (0.5) 0.0987660160 (0.5) 0.1975320320 (0.5) 0.3950640640 (0.4) 0.9876601600 (-1) 0.0123398400 (0.4) 0.0308496000 (0.4) 0.0771240000 (0.4) 0.1928100000 (0.4) 0.4820250000 (0.5) 0.9640500000 (-1) 0.0359500000 (0.5) 0.0719000000 (0.5) 0.1438000000 (0.5) 0.2876000000 (0.5) 0.5752000000 (-1) 0.4248000000 (0.5) 0.8496000000 (-1) 0.1504000000 (0.4) 0.3759999999 (0.4) 0.9399999998 (-1) 0.0600000002 (0.5) 0.1200000003 (0.5) 0.2400000006 (0.4) 0.6000000015 (-1) 0.3999999985

[32] = 0.8765432190 (-1) 0.1234567810 (0.5) 0.2469135620 (0.5) 0.4938271240 (0.5) 0.9876542480 (-1) 0.0123457520 (0.5) 0.0246915040 (0.5) 0.0493830080 (0.5) 0.0987660160 (0.5) 0.1975320320 (0.5) 0.3950640640 (0.4) 0.9876601600 (-1) 0.0123398400 (0.4) 0.0308496000 (0.4) 0.0771240000 (0.4) 0.1928100000 (0.5) 0.3856200000 (0.5) 0.7712400000 (-1) 0.2287600000 (0.5) 0.4575200000 (0.5) 0.9150400000 (-1) 0.0849600000 (0.5) 0.1699200000 (0.5) 0.3398400000 (0.4) 0.8496000000 (-1) 0.1504000000 (0.4) 0.3759999999 (0.4) 0.9399999998 (-1) 0.0600000002 (0.5) 0.1200000003 (0.4) 0.3000000008 (0.5) 0.6000000015 (-1) 0.3999999985

[32] = 0.8765432190 (-1) 0.1234567810 (0.5) 0.2469135620 (0.5) 0.4938271240 (0.5) 0.9876542480 (-1) 0.0123457520 (0.5) 0.0246915040 (0.5) 0.0493830080 (0.5) 0.0987660160 (0.5) 0.1975320320 (0.5) 0.3950640640 (0.4) 0.9876601600 (-1) 0.0123398400 (0.4) 0.0308496000 (0.4) 0.0771240000 (0.4) 0.1928100000 (0.5) 0.3856200000 (0.4) 0.9640500000 (-1) 0.0359500000 (0.5) 0.0719000000 (0.5) 0.1438000000 (0.4) 0.3595000000 (0.4) 0.8987500000 (-1) 0.1012500000 (0.5) 0.2025000000 (0.5) 0.4050000001 (0.5) 0.8100000002 (-1) 0.1899999998 (0.5) 0.3799999997 (0.5) 0.7599999994 (-1) 0.2400000006 (0.4) 0.6000000015 (-1) 0.3999999985

[32] = 0.8765432190 (-1) 0.1234567810 (0.5) 0.2469135620 (0.5) 0.4938271240 (0.5) 0.9876542480 (-1) 0.0123457520 (0.5) 0.0246915040 (0.5) 0.0493830080 (0.5) 0.0987660160 (0.5) 0.1975320320 (0.5) 0.3950640640 (0.4) 0.9876601600 (-1) 0.0123398400 (0.4) 0.0308496000 (0.4) 0.0771240000 (0.4) 0.1928100000 (0.5) 0.3856200000 (0.5) 0.7712400000 (-1) 0.2287600000 (0.5) 0.4575200000 (0.5) 0.9150400000 (-1) 0.0849600000 (0.5) 0.1699200000 (0.5) 0.3398400000 (0.4) 0.8496000000 (-1) 0.1504000000 (0.4) 0.3759999999 (0.4) 0.9399999998 (-1) 0.0600000002 (0.4) 0.1500000004 (0.5) 0.3000000008 (0.5) 0.6000000015 (-1) 0.3999999985

[32] = 0.8765432190 (-1) 0.1234567810 (0.5) 0.2469135620 (0.5) 0.4938271240 (0.5) 0.9876542480 (-1) 0.0123457520 (0.5) 0.0246915040 (0.5) 0.0493830080 (0.5) 0.0987660160 (0.5) 0.1975320320 (0.5) 0.3950640640 (0.4) 0.9876601600 (-1) 0.0123398400 (0.4) 0.0308496000 (0.4) 0.0771240000 (0.4) 0.1928100000 (0.5) 0.3856200000 (0.5) 0.7712400000 (-1) 0.2287600000 (0.5) 0.4575200000 (0.5) 0.9150400000 (-1) 0.0849600000 (0.5) 0.1699200000 (0.5) 0.3398400000 (0.4) 0.8496000000 (-1) 0.1504000000 (0.4) 0.3759999999 (0.4) 0.9399999998 (-1) 0.0600000002 (0.5) 0.1200000003 (0.5) 0.2400000006 (0.4) 0.6000000015 (-1) 0.3999999985

[32] = 0.8765432190 (-1) 0.1234567810 (0.5) 0.2469135620 (0.5) 0.4938271240 (0.5) 0.9876542480 (-1) 0.0123457520 (0.5) 0.0246915040 (0.5) 0.0493830080 (0.5) 0.0987660160 (0.5) 0.1975320320 (0.5) 0.3950640640 (0.4) 0.9876601600 (-1) 0.0123398400 (0.4) 0.0308496000 (0.4) 0.0771240000 (0.4) 0.1928100000 (0.5) 0.3856200000 (0.4) 0.9640500000 (-1) 0.0359500000 (0.4) 0.0898750000 (0.5) 0.1797500000 (0.5) 0.3595000000 (0.4) 0.8987500000 (-1) 0.1012500000 (0.5) 0.2025000000 (0.5) 0.4050000001 (0.5) 0.8100000002 (-1) 0.1899999998 (0.5) 0.3799999997 (0.5) 0.7599999994 (-1) 0.2400000006 (0.4) 0.6000000015 (-1) 0.3999999985

[32] = 0.8765432190 (-1) 0.1234567810 (0.5) 0.2469135620 (0.5) 0.4938271240 (0.5) 0.9876542480 (-1) 0.0123457520 (0.5) 0.0246915040 (0.5) 0.0493830080 (0.5) 0.0987660160 (0.5) 0.1975320320 (0.5) 0.3950640640 (0.4) 0.9876601600 (-1) 0.0123398400 (0.4) 0.0308496000 (0.4) 0.0771240000 (0.4) 0.1928100000 (0.5) 0.3856200000 (0.5) 0.7712400000 (-1) 0.2287600000 (0.5) 0.4575200000 (0.5) 0.9150400000 (-1) 0.0849600000 (0.4) 0.2124000000 (0.5) 0.4248000000 (0.5) 0.8496000000 (-1) 0.1504000000 (0.4) 0.3759999999 (0.4) 0.9399999998 (-1) 0.0600000002 (0.4) 0.1500000004 (0.5) 0.3000000008 (0.5) 0.6000000015 (-1) 0.3999999985

[32] = 0.8765432190 (-1) 0.1234567810 (0.5) 0.2469135620 (0.5) 0.4938271240 (0.5) 0.9876542480 (-1) 0.0123457520 (0.5) 0.0246915040 (0.5) 0.0493830080 (0.5) 0.0987660160 (0.5) 0.1975320320 (0.5) 0.3950640640 (0.4) 0.9876601600 (-1) 0.0123398400 (0.4) 0.0308496000 (0.4) 0.0771240000 (0.4) 0.1928100000 (0.5) 0.3856200000 (0.5) 0.7712400000 (-1) 0.2287600000 (0.5) 0.4575200000 (0.5) 0.9150400000 (-1) 0.0849600000 (0.5) 0.1699200000 (0.4) 0.4248000000 (0.5) 0.8496000000 (-1) 0.1504000000 (0.4) 0.3759999999 (0.4) 0.9399999998 (-1) 0.0600000002 (0.5) 0.1200000003 (0.4) 0.3000000008 (0.5) 0.6000000015 (-1) 0.3999999985

[32] = 0.8765432190 (-1) 0.1234567810 (0.5) 0.2469135620 (0.5) 0.4938271240 (0.5) 0.9876542480 (-1) 0.0123457520 (0.5) 0.0246915040 (0.5) 0.0493830080 (0.5) 0.0987660160 (0.5) 0.1975320320 (0.5) 0.3950640640 (0.4) 0.9876601600 (-1) 0.0123398400 (0.4) 0.0308496000 (0.4) 0.0771240000 (0.4) 0.1928100000 (0.5) 0.3856200000 (0.5) 0.7712400000 (-1) 0.2287600000 (0.5) 0.4575200000 (0.5) 0.9150400000 (-1) 0.0849600000 (0.5) 0.1699200000 (0.4) 0.4248000000 (0.5) 0.8496000000 (-1) 0.1504000000 (0.4) 0.3759999999 (0.4) 0.9399999998 (-1) 0.0600000002 (0.5) 0.1200000003 (0.5) 0.2400000006 (0.4) 0.6000000015 (-1) 0.3999999985

[32] = 0.8765432190 (-1) 0.1234567810 (0.5) 0.2469135620 (0.5) 0.4938271240 (0.5) 0.9876542480 (-1) 0.0123457520 (0.5) 0.0246915040 (0.5) 0.0493830080 (0.5) 0.0987660160 (0.5) 0.1975320320 (0.5) 0.3950640640 (0.4) 0.9876601600 (-1) 0.0123398400 (0.4) 0.0308496000 (0.4) 0.0771240000 (0.4) 0.1928100000 (0.5) 0.3856200000 (0.5) 0.7712400000 (-1) 0.2287600000 (0.5) 0.4575200000 (0.5) 0.9150400000 (-1) 0.0849600000 (0.4) 0.2124000000 (0.5) 0.4248000000 (0.5) 0.8496000000 (-1) 0.1504000000 (0.4) 0.3759999999 (0.4) 0.9399999998 (-1) 0.0600000002 (0.5) 0.1200000003 (0.4) 0.3000000008 (0.5) 0.6000000015 (-1) 0.3999999985

[32] = 0.8765432190 (-1) 0.1234567810 (0.5) 0.2469135620 (0.5) 0.4938271240 (0.5) 0.9876542480 (-1) 0.0123457520 (0.5) 0.0246915040 (0.5) 0.0493830080 (0.5) 0.0987660160 (0.5) 0.1975320320 (0.5) 0.3950640640 (0.4) 0.9876601600 (-1) 0.0123398400 (0.4) 0.0308496000 (0.4) 0.0771240000 (0.4) 0.1928100000 (0.5) 0.3856200000 (0.5) 0.7712400000 (-1) 0.2287600000 (0.5) 0.4575200000 (0.5) 0.9150400000 (-1) 0.0849600000 (0.5) 0.1699200000 (0.4) 0.4248000000 (0.5) 0.8496000000 (-1) 0.1504000000 (0.4) 0.3759999999 (0.4) 0.9399999998 (-1) 0.0600000002 (0.4) 0.1500000004 (0.5) 0.3000000008 (0.5) 0.6000000015 (-1) 0.3999999985

