[26] = 0.0000000030 (0.5) 0.0000000060 (0.5) 0.0000000120 (0.4) 0.0000000300 (0.4) 0.0000000750 (0.4) 0.0000001875 (0.4) 0.0000004687 (0.4) 0.0000011719 (0.5) 0.0000023437 (0.5) 0.0000046875 (0.4) 0.0000117187 (0.5) 0.0000234375 (0.5) 0.0000468750 (0.5) 0.0000937500 (0.5) 0.0001875000 (0.5) 0.0003750000 (0.5) 0.0007500000 (0.5) 0.0015000000 (0.5) 0.0030000000 (0.4) 0.0075000000 (0.5) 0.0150000000 (0.5) 0.0300000000 (0.4) 0.0750000000 (0.5) 0.1500000000 (0.5) 0.3000000000 (0.5) 0.6000000000 (-1) 0.4000000000

[26] = 0.0000000030 (0.4) 0.0000000075 (0.5) 0.0000000150 (0.5) 0.0000000300 (0.5) 0.0000000600 (0.5) 0.0000001200 (0.5) 0.0000002400 (0.5) 0.0000004800 (0.5) 0.0000009600 (0.5) 0.0000019200 (0.5) 0.0000038400 (0.4) 0.0000096000 (0.4) 0.0000240000 (0.4) 0.0000600000 (0.5) 0.0001200000 (0.5) 0.0002400000 (0.5) 0.0004800000 (0.5) 0.0009600000 (0.5) 0.0019200000 (0.4) 0.0048000000 (0.4) 0.0120000000 (0.4) 0.0300000000 (0.5) 0.0600000000 (0.5) 0.1200000000 (0.5) 0.2400000000 (0.4) 0.6000000000 (-1) 0.4000000000

[26] = 0.0000000030 (0.4) 0.0000000075 (0.5) 0.0000000150 (0.5) 0.0000000300 (0.5) 0.0000000600 (0.5) 0.0000001200 (0.5) 0.0000002400 (0.5) 0.0000004800 (0.5) 0.0000009600 (0.5) 0.0000019200 (0.5) 0.0000038400 (0.4) 0.0000096000 (0.4) 0.0000240000 (0.4) 0.0000600000 (0.5) 0.0001200000 (0.5) 0.0002400000 (0.5) 0.0004800000 (0.5) 0.0009600000 (0.5) 0.0019200000 (0.4) 0.0048000000 (0.4) 0.0120000000 (0.4) 0.0300000000 (0.5) 0.0600000000 (0.5) 0.1200000000 (0.4) 0.3000000000 (0.5) 0.6000000000 (-1) 0.4000000000

[26] = 0.0000000030 (0.4) 0.0000000075 (0.5) 0.0000000150 (0.5) 0.0000000300 (0.5) 0.0000000600 (0.5) 0.0000001200 (0.5) 0.0000002400 (0.5) 0.0000004800 (0.5) 0.0000009600 (0.5) 0.0000019200 (0.5) 0.0000038400 (0.4) 0.0000096000 (0.4) 0.0000240000 (0.4) 0.0000600000 (0.5) 0.0001200000 (0.5) 0.0002400000 (0.5) 0.0004800000 (0.5) 0.0009600000 (0.5) 0.0019200000 (0.4) 0.0048000000 (0.4) 0.0120000000 (0.4) 0.0300000000 (0.4) 0.0750000000 (0.5) 0.1500000000 (0.5) 0.3000000000 (0.5) 0.6000000000 (-1) 0.4000000000

[26] = 0.0000000030 (0.4) 0.0000000075 (0.5) 0.0000000150 (0.5) 0.0000000300 (0.5) 0.0000000600 (0.5) 0.0000001200 (0.5) 0.0000002400 (0.5) 0.0000004800 (0.5) 0.0000009600 (0.5) 0.0000019200 (0.5) 0.0000038400 (0.4) 0.0000096000 (0.4) 0.0000240000 (0.4) 0.0000600000 (0.5) 0.0001200000 (0.5) 0.0002400000 (0.5) 0.0004800000 (0.5) 0.0009600000 (0.4) 0.0024000000 (0.5) 0.0048000000 (0.4) 0.0120000000 (0.4) 0.0300000000 (0.5) 0.0600000000 (0.5) 0.1200000000 (0.5) 0.2400000000 (0.4) 0.6000000000 (-1) 0.4000000000

[26] = 0.0000000030 (0.4) 0.0000000075 (0.5) 0.0000000150 (0.5) 0.0000000300 (0.5) 0.0000000600 (0.5) 0.0000001200 (0.5) 0.0000002400 (0.5) 0.0000004800 (0.5) 0.0000009600 (0.5) 0.0000019200 (0.5) 0.0000038400 (0.4) 0.0000096000 (0.4) 0.0000240000 (0.4) 0.0000600000 (0.5) 0.0001200000 (0.5) 0.0002400000 (0.5) 0.0004800000 (0.5) 0.0009600000 (0.5) 0.0019200000 (0.4) 0.0048000000 (0.4) 0.0120000000 (0.5) 0.0240000000 (0.4) 0.0600000000 (0.5) 0.1200000000 (0.4) 0.3000000000 (0.5) 0.6000000000 (-1) 0.4000000000

[26] = 0.0000000030 (0.5) 0.0000000060 (0.5) 0.0000000120 (0.4) 0.0000000300 (0.4) 0.0000000750 (0.5) 0.0000001500 (0.5) 0.0000003000 (0.5) 0.0000006000 (0.5) 0.0000012000 (0.5) 0.0000024000 (0.5) 0.0000048000 (0.5) 0.0000096000 (0.5) 0.0000192000 (0.5) 0.0000384000 (0.4) 0.0000960000 (0.4) 0.0002400000 (0.4) 0.0006000000 (0.4) 0.0015000000 (0.5) 0.0030000000 (0.4) 0.0075000000 (0.5) 0.0150000000 (0.5) 0.0300000000 (0.5) 0.0600000000 (0.5) 0.1200000000 (0.5) 0.2400000000 (0.4) 0.6000000000 (-1) 0.4000000000

[26] = 0.0000000030 (0.4) 0.0000000075 (0.5) 0.0000000150 (0.5) 0.0000000300 (0.5) 0.0000000600 (0.5) 0.0000001200 (0.5) 0.0000002400 (0.5) 0.0000004800 (0.5) 0.0000009600 (0.5) 0.0000019200 (0.5) 0.0000038400 (0.4) 0.0000096000 (0.4) 0.0000240000 (0.4) 0.0000600000 (0.4) 0.0001500000 (0.5) 0.0003000000 (0.4) 0.0007500000 (0.5) 0.0015000000 (0.5) 0.0030000000 (0.4) 0.0075000000 (0.5) 0.0150000000 (0.5) 0.0300000000 (0.5) 0.0600000000 (0.5) 0.1200000000 (0.4) 0.3000000000 (0.5) 0.6000000000 (-1) 0.4000000000

[26] = 0.0000000030 (0.5) 0.0000000060 (0.5) 0.0000000120 (0.4) 0.0000000300 (0.4) 0.0000000750 (0.5) 0.0000001500 (0.5) 0.0000003000 (0.5) 0.0000006000 (0.5) 0.0000012000 (0.5) 0.0000024000 (0.5) 0.0000048000 (0.5) 0.0000096000 (0.5) 0.0000192000 (0.5) 0.0000384000 (0.4) 0.0000960000 (0.4) 0.0002400000 (0.4) 0.0006000000 (0.4) 0.0015000000 (0.4) 0.0037500000 (0.4) 0.0093750000 (0.5) 0.0187500000 (0.5) 0.0375000000 (0.5) 0.0750000000 (0.5) 0.1500000000 (0.5) 0.3000000000 (0.5) 0.6000000000 (-1) 0.4000000000

[26] = 0.0000000030 (0.4) 0.0000000075 (0.5) 0.0000000150 (0.5) 0.0000000300 (0.5) 0.0000000600 (0.5) 0.0000001200 (0.5) 0.0000002400 (0.5) 0.0000004800 (0.5) 0.0000009600 (0.5) 0.0000019200 (0.5) 0.0000038400 (0.4) 0.0000096000 (0.4) 0.0000240000 (0.4) 0.0000600000 (0.4) 0.0001500000 (0.5) 0.0003000000 (0.4) 0.0007500000 (0.5) 0.0015000000 (0.4) 0.0037500000 (0.5) 0.0075000000 (0.5) 0.0150000000 (0.5) 0.0300000000 (0.5) 0.0600000000 (0.5) 0.1200000000 (0.5) 0.2400000000 (0.4) 0.6000000000 (-1) 0.4000000000

[26] = 0.0000000030 (0.4) 0.0000000075 (0.5) 0.0000000150 (0.5) 0.0000000300 (0.5) 0.0000000600 (0.5) 0.0000001200 (0.5) 0.0000002400 (0.5) 0.0000004800 (0.5) 0.0000009600 (0.5) 0.0000019200 (0.5) 0.0000038400 (0.4) 0.0000096000 (0.4) 0.0000240000 (0.4) 0.0000600000 (0.5) 0.0001200000 (0.5) 0.0002400000 (0.5) 0.0004800000 (0.5) 0.0009600000 (0.5) 0.0019200000 (0.4) 0.0048000000 (0.4) 0.0120000000 (0.5) 0.0240000000 (0.5) 0.0480000000 (0.4) 0.1200000000 (0.4) 0.3000000000 (0.5) 0.6000000000 (-1) 0.4000000000

[26] = 0.0000000030 (0.4) 0.0000000075 (0.5) 0.0000000150 (0.5) 0.0000000300 (0.5) 0.0000000600 (0.5) 0.0000001200 (0.5) 0.0000002400 (0.5) 0.0000004800 (0.5) 0.0000009600 (0.5) 0.0000019200 (0.5) 0.0000038400 (0.4) 0.0000096000 (0.4) 0.0000240000 (0.4) 0.0000600000 (0.5) 0.0001200000 (0.5) 0.0002400000 (0.5) 0.0004800000 (0.5) 0.0009600000 (0.4) 0.0024000000 (0.5) 0.0048000000 (0.4) 0.0120000000 (0.5) 0.0240000000 (0.4) 0.0600000000 (0.5) 0.1200000000 (0.4) 0.3000000000 (0.5) 0.6000000000 (-1) 0.4000000000

[26] = 0.0000000030 (0.4) 0.0000000075 (0.5) 0.0000000150 (0.5) 0.0000000300 (0.5) 0.0000000600 (0.5) 0.0000001200 (0.5) 0.0000002400 (0.5) 0.0000004800 (0.5) 0.0000009600 (0.5) 0.0000019200 (0.5) 0.0000038400 (0.4) 0.0000096000 (0.4) 0.0000240000 (0.4) 0.0000600000 (0.4) 0.0001500000 (0.5) 0.0003000000 (0.4) 0.0007500000 (0.5) 0.0015000000 (0.5) 0.0030000000 (0.5) 0.0060000000 (0.4) 0.0150000000 (0.5) 0.0300000000 (0.5) 0.0600000000 (0.5) 0.1200000000 (0.4) 0.3000000000 (0.5) 0.6000000000 (-1) 0.4000000000

[26] = 0.0000000030 (0.4) 0.0000000075 (0.5) 0.0000000150 (0.5) 0.0000000300 (0.5) 0.0000000600 (0.5) 0.0000001200 (0.5) 0.0000002400 (0.5) 0.0000004800 (0.5) 0.0000009600 (0.5) 0.0000019200 (0.5) 0.0000038400 (0.4) 0.0000096000 (0.4) 0.0000240000 (0.4) 0.0000600000 (0.5) 0.0001200000 (0.5) 0.0002400000 (0.5) 0.0004800000 (0.5) 0.0009600000 (0.4) 0.0024000000 (0.5) 0.0048000000 (0.4) 0.0120000000 (0.5) 0.0240000000 (0.4) 0.0600000000 (0.4) 0.1500000000 (0.5) 0.3000000000 (0.5) 0.6000000000 (-1) 0.4000000000

[26] = 0.0000000030 (0.5) 0.0000000060 (0.4) 0.0000000150 (0.5) 0.0000000300 (0.4) 0.0000000750 (0.5) 0.0000001500 (0.4) 0.0000003750 (0.5) 0.0000007500 (0.5) 0.0000015000 (0.5) 0.0000030000 (0.4) 0.0000075000 (0.5) 0.0000150000 (0.5) 0.0000300000 (0.4) 0.0000750000 (0.4) 0.0001875000 (0.4) 0.0004687500 (0.5) 0.0009375000 (0.5) 0.0018750000 (0.4) 0.0046875000 (0.5) 0.0093750000 (0.5) 0.0187500000 (0.5) 0.0375000000 (0.5) 0.0750000000 (0.5) 0.1500000000 (0.5) 0.3000000000 (0.5) 0.6000000000 (-1) 0.4000000000

[26] = 0.0000000030 (0.4) 0.0000000075 (0.5) 0.0000000150 (0.5) 0.0000000300 (0.5) 0.0000000600 (0.5) 0.0000001200 (0.4) 0.0000003000 (0.4) 0.0000007500 (0.5) 0.0000015000 (0.5) 0.0000030000 (0.5) 0.0000060000 (0.4) 0.0000150000 (0.4) 0.0000375000 (0.4) 0.0000937500 (0.5) 0.0001875000 (0.5) 0.0003750000 (0.4) 0.0009375000 (0.5) 0.0018750000 (0.5) 0.0037500000 (0.5) 0.0075000000 (0.5) 0.0150000000 (0.4) 0.0375000000 (0.5) 0.0750000000 (0.5) 0.1500000000 (0.5) 0.3000000000 (0.5) 0.6000000000 (-1) 0.4000000000

[26] = 0.0000000030 (0.4) 0.0000000075 (0.5) 0.0000000150 (0.5) 0.0000000300 (0.5) 0.0000000600 (0.5) 0.0000001200 (0.5) 0.0000002400 (0.5) 0.0000004800 (0.5) 0.0000009600 (0.5) 0.0000019200 (0.5) 0.0000038400 (0.4) 0.0000096000 (0.4) 0.0000240000 (0.4) 0.0000600000 (0.4) 0.0001500000 (0.5) 0.0003000000 (0.4) 0.0007500000 (0.5) 0.0015000000 (0.5) 0.0030000000 (0.4) 0.0075000000 (0.5) 0.0150000000 (0.5) 0.0300000000 (0.5) 0.0600000000 (0.4) 0.1500000000 (0.5) 0.3000000000 (0.5) 0.6000000000 (-1) 0.4000000000

[26] = 0.0000000030 (0.5) 0.0000000060 (0.5) 0.0000000120 (0.4) 0.0000000300 (0.4) 0.0000000750 (0.5) 0.0000001500 (0.5) 0.0000003000 (0.5) 0.0000006000 (0.5) 0.0000012000 (0.5) 0.0000024000 (0.5) 0.0000048000 (0.5) 0.0000096000 (0.5) 0.0000192000 (0.5) 0.0000384000 (0.4) 0.0000960000 (0.4) 0.0002400000 (0.4) 0.0006000000 (0.4) 0.0015000000 (0.5) 0.0030000000 (0.4) 0.0075000000 (0.5) 0.0150000000 (0.5) 0.0300000000 (0.5) 0.0600000000 (0.5) 0.1200000000 (0.4) 0.3000000000 (0.5) 0.6000000000 (-1) 0.4000000000

[26] = 0.0000000030 (0.4) 0.0000000075 (0.5) 0.0000000150 (0.5) 0.0000000300 (0.5) 0.0000000600 (0.5) 0.0000001200 (0.5) 0.0000002400 (0.5) 0.0000004800 (0.5) 0.0000009600 (0.5) 0.0000019200 (0.5) 0.0000038400 (0.4) 0.0000096000 (0.4) 0.0000240000 (0.4) 0.0000600000 (0.4) 0.0001500000 (0.5) 0.0003000000 (0.4) 0.0007500000 (0.5) 0.0015000000 (0.4) 0.0037500000 (0.5) 0.0075000000 (0.5) 0.0150000000 (0.5) 0.0300000000 (0.5) 0.0600000000 (0.4) 0.1500000000 (0.5) 0.3000000000 (0.5) 0.6000000000 (-1) 0.4000000000

[26] = 0.0000000030 (0.4) 0.0000000075 (0.5) 0.0000000150 (0.5) 0.0000000300 (0.5) 0.0000000600 (0.5) 0.0000001200 (0.4) 0.0000003000 (0.4) 0.0000007500 (0.5) 0.0000015000 (0.5) 0.0000030000 (0.5) 0.0000060000 (0.4) 0.0000150000 (0.4) 0.0000375000 (0.4) 0.0000937500 (0.5) 0.0001875000 (0.5) 0.0003750000 (0.4) 0.0009375000 (0.5) 0.0018750000 (0.5) 0.0037500000 (0.5) 0.0075000000 (0.5) 0.0150000000 (0.5) 0.0300000000 (0.5) 0.0600000000 (0.4) 0.1500000000 (0.5) 0.3000000000 (0.5) 0.6000000000 (-1) 0.4000000000

[26] = 0.0000000030 (0.4) 0.0000000075 (0.5) 0.0000000150 (0.5) 0.0000000300 (0.5) 0.0000000600 (0.5) 0.0000001200 (0.5) 0.0000002400 (0.5) 0.0000004800 (0.5) 0.0000009600 (0.5) 0.0000019200 (0.5) 0.0000038400 (0.4) 0.0000096000 (0.4) 0.0000240000 (0.4) 0.0000600000 (0.4) 0.0001500000 (0.5) 0.0003000000 (0.4) 0.0007500000 (0.5) 0.0015000000 (0.5) 0.0030000000 (0.4) 0.0075000000 (0.5) 0.0150000000 (0.5) 0.0300000000 (0.5) 0.0600000000 (0.5) 0.1200000000 (0.5) 0.2400000000 (0.4) 0.6000000000 (-1) 0.4000000000

[26] = 0.0000000030 (0.4) 0.0000000075 (0.5) 0.0000000150 (0.5) 0.0000000300 (0.5) 0.0000000600 (0.5) 0.0000001200 (0.5) 0.0000002400 (0.5) 0.0000004800 (0.5) 0.0000009600 (0.5) 0.0000019200 (0.5) 0.0000038400 (0.4) 0.0000096000 (0.4) 0.0000240000 (0.4) 0.0000600000 (0.4) 0.0001500000 (0.5) 0.0003000000 (0.4) 0.0007500000 (0.4) 0.0018750000 (0.5) 0.0037500000 (0.5) 0.0075000000 (0.5) 0.0150000000 (0.5) 0.0300000000 (0.5) 0.0600000000 (0.5) 0.1200000000 (0.5) 0.2400000000 (0.4) 0.6000000000 (-1) 0.4000000000

[26] = 0.0000000030 (0.4) 0.0000000075 (0.5) 0.0000000150 (0.5) 0.0000000300 (0.5) 0.0000000600 (0.5) 0.0000001200 (0.5) 0.0000002400 (0.5) 0.0000004800 (0.5) 0.0000009600 (0.5) 0.0000019200 (0.5) 0.0000038400 (0.4) 0.0000096000 (0.4) 0.0000240000 (0.4) 0.0000600000 (0.4) 0.0001500000 (0.5) 0.0003000000 (0.4) 0.0007500000 (0.4) 0.0018750000 (0.5) 0.0037500000 (0.5) 0.0075000000 (0.5) 0.0150000000 (0.5) 0.0300000000 (0.5) 0.0600000000 (0.4) 0.1500000000 (0.5) 0.3000000000 (0.5) 0.6000000000 (-1) 0.4000000000

[26] = 0.0000000030 (0.4) 0.0000000075 (0.5) 0.0000000150 (0.5) 0.0000000300 (0.5) 0.0000000600 (0.5) 0.0000001200 (0.5) 0.0000002400 (0.5) 0.0000004800 (0.5) 0.0000009600 (0.5) 0.0000019200 (0.5) 0.0000038400 (0.4) 0.0000096000 (0.4) 0.0000240000 (0.4) 0.0000600000 (0.4) 0.0001500000 (0.5) 0.0003000000 (0.4) 0.0007500000 (0.4) 0.0018750000 (0.5) 0.0037500000 (0.5) 0.0075000000 (0.5) 0.0150000000 (0.5) 0.0300000000 (0.5) 0.0600000000 (0.5) 0.1200000000 (0.4) 0.3000000000 (0.5) 0.6000000000 (-1) 0.4000000000

[26] = 0.0000000030 (0.4) 0.0000000075 (0.5) 0.0000000150 (0.5) 0.0000000300 (0.5) 0.0000000600 (0.5) 0.0000001200 (0.4) 0.0000003000 (0.4) 0.0000007500 (0.5) 0.0000015000 (0.5) 0.0000030000 (0.5) 0.0000060000 (0.4) 0.0000150000 (0.4) 0.0000375000 (0.4) 0.0000937500 (0.5) 0.0001875000 (0.5) 0.0003750000 (0.4) 0.0009375000 (0.5) 0.0018750000 (0.5) 0.0037500000 (0.5) 0.0075000000 (0.5) 0.0150000000 (0.5) 0.0300000000 (0.5) 0.0600000000 (0.5) 0.1200000000 (0.5) 0.2400000000 (0.4) 0.6000000000 (-1) 0.4000000000

[26] = 0.0000000030 (0.4) 0.0000000075 (0.5) 0.0000000150 (0.5) 0.0000000300 (0.5) 0.0000000600 (0.5) 0.0000001200 (0.5) 0.0000002400 (0.5) 0.0000004800 (0.5) 0.0000009600 (0.5) 0.0000019200 (0.5) 0.0000038400 (0.4) 0.0000096000 (0.4) 0.0000240000 (0.4) 0.0000600000 (0.4) 0.0001500000 (0.5) 0.0003000000 (0.4) 0.0007500000 (0.4) 0.0018750000 (0.5) 0.0037500000 (0.5) 0.0075000000 (0.4) 0.0187500000 (0.5) 0.0375000000 (0.5) 0.0750000000 (0.5) 0.1500000000 (0.5) 0.3000000000 (0.5) 0.6000000000 (-1) 0.4000000000

[26] = 0.0000000030 (0.4) 0.0000000075 (0.5) 0.0000000150 (0.5) 0.0000000300 (0.5) 0.0000000600 (0.5) 0.0000001200 (0.4) 0.0000003000 (0.4) 0.0000007500 (0.5) 0.0000015000 (0.5) 0.0000030000 (0.5) 0.0000060000 (0.4) 0.0000150000 (0.4) 0.0000375000 (0.4) 0.0000937500 (0.5) 0.0001875000 (0.5) 0.0003750000 (0.4) 0.0009375000 (0.5) 0.0018750000 (0.4) 0.0046875000 (0.5) 0.0093750000 (0.5) 0.0187500000 (0.5) 0.0375000000 (0.5) 0.0750000000 (0.5) 0.1500000000 (0.5) 0.3000000000 (0.5) 0.6000000000 (-1) 0.4000000000

[26] = 0.0000000030 (0.4) 0.0000000075 (0.5) 0.0000000150 (0.5) 0.0000000300 (0.5) 0.0000000600 (0.5) 0.0000001200 (0.5) 0.0000002400 (0.5) 0.0000004800 (0.5) 0.0000009600 (0.5) 0.0000019200 (0.5) 0.0000038400 (0.4) 0.0000096000 (0.4) 0.0000240000 (0.4) 0.0000600000 (0.4) 0.0001500000 (0.5) 0.0003000000 (0.4) 0.0007500000 (0.5) 0.0015000000 (0.4) 0.0037500000 (0.5) 0.0075000000 (0.5) 0.0150000000 (0.5) 0.0300000000 (0.5) 0.0600000000 (0.5) 0.1200000000 (0.4) 0.3000000000 (0.5) 0.6000000000 (-1) 0.4000000000

[26] = 0.0000000030 (0.5) 0.0000000060 (0.5) 0.0000000120 (0.4) 0.0000000300 (0.4) 0.0000000750 (0.5) 0.0000001500 (0.5) 0.0000003000 (0.5) 0.0000006000 (0.5) 0.0000012000 (0.5) 0.0000024000 (0.5) 0.0000048000 (0.5) 0.0000096000 (0.5) 0.0000192000 (0.5) 0.0000384000 (0.4) 0.0000960000 (0.4) 0.0002400000 (0.4) 0.0006000000 (0.4) 0.0015000000 (0.5) 0.0030000000 (0.5) 0.0060000000 (0.5) 0.0120000000 (0.4) 0.0300000000 (0.5) 0.0600000000 (0.5) 0.1200000000 (0.5) 0.2400000000 (0.4) 0.6000000000 (-1) 0.4000000000

[26] = 0.0000000030 (0.5) 0.0000000060 (0.5) 0.0000000120 (0.4) 0.0000000300 (0.4) 0.0000000750 (0.5) 0.0000001500 (0.5) 0.0000003000 (0.5) 0.0000006000 (0.5) 0.0000012000 (0.5) 0.0000024000 (0.5) 0.0000048000 (0.5) 0.0000096000 (0.5) 0.0000192000 (0.5) 0.0000384000 (0.4) 0.0000960000 (0.4) 0.0002400000 (0.4) 0.0006000000 (0.4) 0.0015000000 (0.5) 0.0030000000 (0.5) 0.0060000000 (0.5) 0.0120000000 (0.4) 0.0300000000 (0.5) 0.0600000000 (0.5) 0.1200000000 (0.4) 0.3000000000 (0.5) 0.6000000000 (-1) 0.4000000000

[26] = 0.0000000030 (0.4) 0.0000000075 (0.5) 0.0000000150 (0.5) 0.0000000300 (0.5) 0.0000000600 (0.5) 0.0000001200 (0.5) 0.0000002400 (0.5) 0.0000004800 (0.5) 0.0000009600 (0.5) 0.0000019200 (0.5) 0.0000038400 (0.4) 0.0000096000 (0.4) 0.0000240000 (0.4) 0.0000600000 (0.4) 0.0001500000 (0.5) 0.0003000000 (0.4) 0.0007500000 (0.5) 0.0015000000 (0.4) 0.0037500000 (0.4) 0.0093750000 (0.5) 0.0187500000 (0.5) 0.0375000000 (0.5) 0.0750000000 (0.5) 0.1500000000 (0.5) 0.3000000000 (0.5) 0.6000000000 (-1) 0.4000000000

[26] = 0.0000000030 (0.4) 0.0000000075 (0.5) 0.0000000150 (0.5) 0.0000000300 (0.5) 0.0000000600 (0.5) 0.0000001200 (0.5) 0.0000002400 (0.5) 0.0000004800 (0.5) 0.0000009600 (0.5) 0.0000019200 (0.5) 0.0000038400 (0.4) 0.0000096000 (0.4) 0.0000240000 (0.4) 0.0000600000 (0.4) 0.0001500000 (0.5) 0.0003000000 (0.4) 0.0007500000 (0.5) 0.0015000000 (0.5) 0.0030000000 (0.5) 0.0060000000 (0.4) 0.0150000000 (0.5) 0.0300000000 (0.5) 0.0600000000 (0.4) 0.1500000000 (0.5) 0.3000000000 (0.5) 0.6000000000 (-1) 0.4000000000

[26] = 0.0000000030 (0.4) 0.0000000075 (0.5) 0.0000000150 (0.5) 0.0000000300 (0.5) 0.0000000600 (0.5) 0.0000001200 (0.5) 0.0000002400 (0.5) 0.0000004800 (0.5) 0.0000009600 (0.5) 0.0000019200 (0.5) 0.0000038400 (0.4) 0.0000096000 (0.4) 0.0000240000 (0.4) 0.0000600000 (0.4) 0.0001500000 (0.5) 0.0003000000 (0.4) 0.0007500000 (0.5) 0.0015000000 (0.5) 0.0030000000 (0.5) 0.0060000000 (0.4) 0.0150000000 (0.4) 0.0375000000 (0.5) 0.0750000000 (0.5) 0.1500000000 (0.5) 0.3000000000 (0.5) 0.6000000000 (-1) 0.4000000000

[26] = 0.0000000030 (0.5) 0.0000000060 (0.5) 0.0000000120 (0.4) 0.0000000300 (0.4) 0.0000000750 (0.5) 0.0000001500 (0.5) 0.0000003000 (0.5) 0.0000006000 (0.4) 0.0000015000 (0.5) 0.0000030000 (0.4) 0.0000075000 (0.5) 0.0000150000 (0.5) 0.0000300000 (0.4) 0.0000750000 (0.5) 0.0001500000 (0.4) 0.0003750000 (0.5) 0.0007500000 (0.4) 0.0018750000 (0.4) 0.0046875000 (0.5) 0.0093750000 (0.5) 0.0187500000 (0.5) 0.0375000000 (0.5) 0.0750000000 (0.5) 0.1500000000 (0.5) 0.3000000000 (0.5) 0.6000000000 (-1) 0.4000000000

[26] = 0.0000000030 (0.4) 0.0000000075 (0.5) 0.0000000150 (0.5) 0.0000000300 (0.5) 0.0000000600 (0.5) 0.0000001200 (0.5) 0.0000002400 (0.5) 0.0000004800 (0.5) 0.0000009600 (0.5) 0.0000019200 (0.5) 0.0000038400 (0.4) 0.0000096000 (0.4) 0.0000240000 (0.4) 0.0000600000 (0.5) 0.0001200000 (0.5) 0.0002400000 (0.5) 0.0004800000 (0.5) 0.0009600000 (0.4) 0.0024000000 (0.5) 0.0048000000 (0.4) 0.0120000000 (0.5) 0.0240000000 (0.4) 0.0600000000 (0.5) 0.1200000000 (0.5) 0.2400000000 (0.4) 0.6000000000 (-1) 0.4000000000

[26] = 0.0000000030 (0.4) 0.0000000075 (0.5) 0.0000000150 (0.5) 0.0000000300 (0.5) 0.0000000600 (0.5) 0.0000001200 (0.5) 0.0000002400 (0.5) 0.0000004800 (0.5) 0.0000009600 (0.5) 0.0000019200 (0.5) 0.0000038400 (0.4) 0.0000096000 (0.4) 0.0000240000 (0.4) 0.0000600000 (0.4) 0.0001500000 (0.5) 0.0003000000 (0.4) 0.0007500000 (0.5) 0.0015000000 (0.5) 0.0030000000 (0.5) 0.0060000000 (0.4) 0.0150000000 (0.5) 0.0300000000 (0.4) 0.0750000000 (0.5) 0.1500000000 (0.5) 0.3000000000 (0.5) 0.6000000000 (-1) 0.4000000000

[26] = 0.0000000030 (0.4) 0.0000000075 (0.5) 0.0000000150 (0.5) 0.0000000300 (0.5) 0.0000000600 (0.5) 0.0000001200 (0.5) 0.0000002400 (0.5) 0.0000004800 (0.5) 0.0000009600 (0.5) 0.0000019200 (0.5) 0.0000038400 (0.4) 0.0000096000 (0.4) 0.0000240000 (0.4) 0.0000600000 (0.4) 0.0001500000 (0.5) 0.0003000000 (0.4) 0.0007500000 (0.5) 0.0015000000 (0.5) 0.0030000000 (0.5) 0.0060000000 (0.4) 0.0150000000 (0.5) 0.0300000000 (0.5) 0.0600000000 (0.5) 0.1200000000 (0.5) 0.2400000000 (0.4) 0.6000000000 (-1) 0.4000000000

[26] = 0.0000000030 (0.4) 0.0000000075 (0.5) 0.0000000150 (0.5) 0.0000000300 (0.5) 0.0000000600 (0.5) 0.0000001200 (0.5) 0.0000002400 (0.5) 0.0000004800 (0.5) 0.0000009600 (0.5) 0.0000019200 (0.5) 0.0000038400 (0.4) 0.0000096000 (0.4) 0.0000240000 (0.4) 0.0000600000 (0.4) 0.0001500000 (0.5) 0.0003000000 (0.4) 0.0007500000 (0.4) 0.0018750000 (0.5) 0.0037500000 (0.5) 0.0075000000 (0.5) 0.0150000000 (0.5) 0.0300000000 (0.4) 0.0750000000 (0.5) 0.1500000000 (0.5) 0.3000000000 (0.5) 0.6000000000 (-1) 0.4000000000

[26] = 0.0000000030 (0.4) 0.0000000075 (0.5) 0.0000000150 (0.5) 0.0000000300 (0.5) 0.0000000600 (0.5) 0.0000001200 (0.5) 0.0000002400 (0.5) 0.0000004800 (0.5) 0.0000009600 (0.5) 0.0000019200 (0.5) 0.0000038400 (0.4) 0.0000096000 (0.4) 0.0000240000 (0.4) 0.0000600000 (0.4) 0.0001500000 (0.5) 0.0003000000 (0.4) 0.0007500000 (0.4) 0.0018750000 (0.5) 0.0037500000 (0.5) 0.0075000000 (0.5) 0.0150000000 (0.4) 0.0375000000 (0.5) 0.0750000000 (0.5) 0.1500000000 (0.5) 0.3000000000 (0.5) 0.6000000000 (-1) 0.4000000000

[26] = 0.0000000030 (0.4) 0.0000000075 (0.5) 0.0000000150 (0.5) 0.0000000300 (0.5) 0.0000000600 (0.5) 0.0000001200 (0.5) 0.0000002400 (0.5) 0.0000004800 (0.5) 0.0000009600 (0.5) 0.0000019200 (0.5) 0.0000038400 (0.4) 0.0000096000 (0.4) 0.0000240000 (0.4) 0.0000600000 (0.4) 0.0001500000 (0.5) 0.0003000000 (0.4) 0.0007500000 (0.5) 0.0015000000 (0.4) 0.0037500000 (0.5) 0.0075000000 (0.5) 0.0150000000 (0.5) 0.0300000000 (0.4) 0.0750000000 (0.5) 0.1500000000 (0.5) 0.3000000000 (0.5) 0.6000000000 (-1) 0.4000000000

[26] = 0.0000000030 (0.5) 0.0000000060 (0.5) 0.0000000120 (0.4) 0.0000000300 (0.4) 0.0000000750 (0.5) 0.0000001500 (0.5) 0.0000003000 (0.5) 0.0000006000 (0.5) 0.0000012000 (0.5) 0.0000024000 (0.5) 0.0000048000 (0.5) 0.0000096000 (0.5) 0.0000192000 (0.5) 0.0000384000 (0.4) 0.0000960000 (0.4) 0.0002400000 (0.4) 0.0006000000 (0.4) 0.0015000000 (0.5) 0.0030000000 (0.5) 0.0060000000 (0.5) 0.0120000000 (0.4) 0.0300000000 (0.5) 0.0600000000 (0.4) 0.1500000000 (0.5) 0.3000000000 (0.5) 0.6000000000 (-1) 0.4000000000

[26] = 0.0000000030 (0.4) 0.0000000075 (0.5) 0.0000000150 (0.5) 0.0000000300 (0.5) 0.0000000600 (0.5) 0.0000001200 (0.5) 0.0000002400 (0.5) 0.0000004800 (0.5) 0.0000009600 (0.5) 0.0000019200 (0.5) 0.0000038400 (0.4) 0.0000096000 (0.4) 0.0000240000 (0.4) 0.0000600000 (0.4) 0.0001500000 (0.5) 0.0003000000 (0.4) 0.0007500000 (0.5) 0.0015000000 (0.4) 0.0037500000 (0.5) 0.0075000000 (0.5) 0.0150000000 (0.4) 0.0375000000 (0.5) 0.0750000000 (0.5) 0.1500000000 (0.5) 0.3000000000 (0.5) 0.6000000000 (-1) 0.4000000000

[26] = 0.0000000030 (0.4) 0.0000000075 (0.5) 0.0000000150 (0.5) 0.0000000300 (0.5) 0.0000000600 (0.5) 0.0000001200 (0.4) 0.0000003000 (0.4) 0.0000007500 (0.5) 0.0000015000 (0.5) 0.0000030000 (0.4) 0.0000075000 (0.4) 0.0000187500 (0.5) 0.0000375000 (0.4) 0.0000937500 (0.4) 0.0002343750 (0.4) 0.0005859375 (0.5) 0.0011718750 (0.5) 0.0023437500 (0.5) 0.0046875000 (0.5) 0.0093750000 (0.5) 0.0187500000 (0.5) 0.0375000000 (0.5) 0.0750000000 (0.5) 0.1500000000 (0.5) 0.3000000000 (0.5) 0.6000000000 (-1) 0.4000000000

[26] = 0.0000000030 (0.4) 0.0000000075 (0.5) 0.0000000150 (0.5) 0.0000000300 (0.5) 0.0000000600 (0.5) 0.0000001200 (0.4) 0.0000003000 (0.4) 0.0000007500 (0.5) 0.0000015000 (0.5) 0.0000030000 (0.5) 0.0000060000 (0.4) 0.0000150000 (0.4) 0.0000375000 (0.4) 0.0000937500 (0.5) 0.0001875000 (0.5) 0.0003750000 (0.4) 0.0009375000 (0.4) 0.0023437500 (0.5) 0.0046875000 (0.5) 0.0093750000 (0.5) 0.0187500000 (0.5) 0.0375000000 (0.5) 0.0750000000 (0.5) 0.1500000000 (0.5) 0.3000000000 (0.5) 0.6000000000 (-1) 0.4000000000

[26] = 0.0000000030 (0.4) 0.0000000075 (0.5) 0.0000000150 (0.5) 0.0000000300 (0.5) 0.0000000600 (0.5) 0.0000001200 (0.4) 0.0000003000 (0.4) 0.0000007500 (0.5) 0.0000015000 (0.5) 0.0000030000 (0.5) 0.0000060000 (0.4) 0.0000150000 (0.4) 0.0000375000 (0.4) 0.0000937500 (0.5) 0.0001875000 (0.5) 0.0003750000 (0.4) 0.0009375000 (0.5) 0.0018750000 (0.5) 0.0037500000 (0.5) 0.0075000000 (0.5) 0.0150000000 (0.5) 0.0300000000 (0.4) 0.0750000000 (0.5) 0.1500000000 (0.5) 0.3000000000 (0.5) 0.6000000000 (-1) 0.4000000000

[26] = 0.0000000030 (0.4) 0.0000000075 (0.5) 0.0000000150 (0.5) 0.0000000300 (0.5) 0.0000000600 (0.5) 0.0000001200 (0.5) 0.0000002400 (0.5) 0.0000004800 (0.5) 0.0000009600 (0.5) 0.0000019200 (0.5) 0.0000038400 (0.4) 0.0000096000 (0.4) 0.0000240000 (0.4) 0.0000600000 (0.4) 0.0001500000 (0.5) 0.0003000000 (0.4) 0.0007500000 (0.5) 0.0015000000 (0.5) 0.0030000000 (0.4) 0.0075000000 (0.5) 0.0150000000 (0.5) 0.0300000000 (0.4) 0.0750000000 (0.5) 0.1500000000 (0.5) 0.3000000000 (0.5) 0.6000000000 (-1) 0.4000000000

[26] = 0.0000000030 (0.4) 0.0000000075 (0.5) 0.0000000150 (0.5) 0.0000000300 (0.5) 0.0000000600 (0.5) 0.0000001200 (0.4) 0.0000003000 (0.4) 0.0000007500 (0.5) 0.0000015000 (0.5) 0.0000030000 (0.5) 0.0000060000 (0.4) 0.0000150000 (0.4) 0.0000375000 (0.4) 0.0000937500 (0.5) 0.0001875000 (0.5) 0.0003750000 (0.4) 0.0009375000 (0.5) 0.0018750000 (0.5) 0.0037500000 (0.5) 0.0075000000 (0.5) 0.0150000000 (0.5) 0.0300000000 (0.5) 0.0600000000 (0.5) 0.1200000000 (0.4) 0.3000000000 (0.5) 0.6000000000 (-1) 0.4000000000

[26] = 0.0000000030 (0.5) 0.0000000060 (0.5) 0.0000000120 (0.4) 0.0000000300 (0.4) 0.0000000750 (0.5) 0.0000001500 (0.5) 0.0000003000 (0.5) 0.0000006000 (0.5) 0.0000012000 (0.5) 0.0000024000 (0.5) 0.0000048000 (0.5) 0.0000096000 (0.5) 0.0000192000 (0.5) 0.0000384000 (0.4) 0.0000960000 (0.4) 0.0002400000 (0.4) 0.0006000000 (0.4) 0.0015000000 (0.5) 0.0030000000 (0.5) 0.0060000000 (0.5) 0.0120000000 (0.4) 0.0300000000 (0.4) 0.0750000000 (0.5) 0.1500000000 (0.5) 0.3000000000 (0.5) 0.6000000000 (-1) 0.4000000000

[26] = 0.0000000030 (0.4) 0.0000000075 (0.5) 0.0000000150 (0.5) 0.0000000300 (0.5) 0.0000000600 (0.5) 0.0000001200 (0.4) 0.0000003000 (0.4) 0.0000007500 (0.5) 0.0000015000 (0.5) 0.0000030000 (0.5) 0.0000060000 (0.4) 0.0000150000 (0.4) 0.0000375000 (0.4) 0.0000937500 (0.5) 0.0001875000 (0.5) 0.0003750000 (0.4) 0.0009375000 (0.5) 0.0018750000 (0.5) 0.0037500000 (0.4) 0.0093750000 (0.5) 0.0187500000 (0.5) 0.0375000000 (0.5) 0.0750000000 (0.5) 0.1500000000 (0.5) 0.3000000000 (0.5) 0.6000000000 (-1) 0.4000000000

[26] = 0.0000000030 (0.4) 0.0000000075 (0.5) 0.0000000150 (0.5) 0.0000000300 (0.5) 0.0000000600 (0.5) 0.0000001200 (0.4) 0.0000003000 (0.4) 0.0000007500 (0.5) 0.0000015000 (0.5) 0.0000030000 (0.5) 0.0000060000 (0.4) 0.0000150000 (0.4) 0.0000375000 (0.4) 0.0000937500 (0.5) 0.0001875000 (0.5) 0.0003750000 (0.4) 0.0009375000 (0.5) 0.0018750000 (0.5) 0.0037500000 (0.5) 0.0075000000 (0.4) 0.0187500000 (0.5) 0.0375000000 (0.5) 0.0750000000 (0.5) 0.1500000000 (0.5) 0.3000000000 (0.5) 0.6000000000 (-1) 0.4000000000

[26] = 0.0000000030 (0.4) 0.0000000075 (0.5) 0.0000000150 (0.5) 0.0000000300 (0.5) 0.0000000600 (0.4) 0.0000001500 (0.4) 0.0000003750 (0.5) 0.0000007500 (0.5) 0.0000015000 (0.4) 0.0000037500 (0.4) 0.0000093750 (0.4) 0.0000234375 (0.5) 0.0000468750 (0.4) 0.0001171875 (0.4) 0.0002929687 (0.5) 0.0005859375 (0.5) 0.0011718750 (0.5) 0.0023437500 (0.5) 0.0046875000 (0.5) 0.0093750000 (0.5) 0.0187500000 (0.5) 0.0375000000 (0.5) 0.0750000000 (0.5) 0.1500000000 (0.5) 0.3000000000 (0.5) 0.6000000000 (-1) 0.4000000000

